,fitness,fitness,fitness,fitness,blocks_used,blocks_used,blocks_used,blocks_used
,min,max,mean,std,min,max,mean,std
generation_id,,,,,,,,
1,247,257,254.33333333333334,3.7237973450050528,14,18,16.0,1.2649110640673518
2,251,265,257.0,4.898979485566352,13,17,15.833333333333334,1.4719601443879746
3,257,267,264.0,3.521363372331804,16,17,16.833333333333332,0.40824829046386285
4,249,279,263.3333333333333,10.4626319187223,15,24,17.833333333333332,3.3115957885386114
5,263,281,276.6666666666667,6.742897497861484,17,18,17.166666666666668,0.40824829046386263
6,277,289,281.3333333333333,4.082482904638634,17,20,17.666666666666668,1.211060141638997
7,265,293,283.0,11.242775458044155,15,17,16.666666666666668,0.816496580927726
8,279,295,289.6666666666667,6.282250127674529,15,16,15.166666666666666,0.40824829046386313
9,288,296,293.3333333333333,3.141125063837272,16,16,16.0,0.0
10,291,297,295.1666666666667,2.136976056643276,18,18,18.0,0.0
11,287,305,296.0,5.899152481501046,15,19,18.0,1.6733200530681513
12,293,307,302.0,5.17687164221791,19,19,19.0,0.0
13,275,311,301.6666666666667,13.30663994653296,12,17,15.5,1.760681686165901
14,301,313,309.6666666666667,4.320493798938573,15,17,15.333333333333334,0.816496580927726
15,285,329,305.0,16.19876538505327,14,17,15.833333333333334,0.9831920802501752
16,325,331,328.6666666666667,1.9663841605003574,18,19,18.166666666666668,0.40824829046386263
17,313,335,324.0,9.444575162494072,19,21,19.333333333333332,0.816496580927726
18,305,337,330.3333333333333,12.436505404118426,19,19,19.0,0.0
19,321,343,334.6666666666667,7.420691791650323,15,15,15.0,0.0
20,341,345,343.0,1.264911064067354,15,18,15.5,1.2247448713915892
21,313,347,340.0,13.251415018781957,13,15,13.333333333333334,0.816496580927726
22,343,349,346.6666666666667,1.966384160500346,16,19,16.5,1.2247448713915887
23,297,350,328.1666666666667,23.016660632391197,18,21,19.666666666666668,1.0327955589886446
24,314,352,338.1666666666667,15.13164454600579,25,25,25.0,0.0
25,294,353,328.3333333333333,25.850854273440685,24,26,25.5,0.8366600265340758
26,303,354,342.8333333333333,19.924022351590214,24,26,25.0,0.6324555320336755
27,340,355,350.1666666666667,5.9469880331699585,23,26,24.166666666666668,0.9831920802501751
28,312,357,346.5,17.432727841620196,23,24,23.833333333333332,0.40824829046386263
29,314,358,343.5,15.94678651014053,26,28,27.166666666666668,0.7527726527090807
30,343,362,356.1666666666667,6.645800679125627,24,27,24.5,1.2247448713915892
31,330,364,353.1666666666667,13.15167923372018,26,26,26.0,0.0
32,353,366,361.0,5.513619500836092,25,28,25.5,1.2247448713915892
33,342,367,354.0,10.13903348450926,22,27,26.166666666666668,2.041241452319315
34,352,369,363.1666666666667,6.210206652492874,26,27,26.166666666666668,0.40824829046386263
35,352,370,364.1666666666667,7.985403350280235,28,28,28.0,0.0
36,352,371,363.0,8.049844718999239,29,31,30.0,0.6324555320336757
37,327,372,357.5,17.796066981218072,26,27,26.833333333333332,0.40824829046386263
38,304,373,347.5,29.797650914124084,22,29,26.666666666666668,2.503331114069145
39,352,374,367.0,9.818350166906859,29,31,30.666666666666668,0.8164965809277256
40,354,375,368.8333333333333,8.773064838850026,29,31,29.333333333333332,0.8164965809277264
41,354,376,367.5,9.181503144910424,29,30,29.833333333333332,0.40824829046386274
42,363,377,374.0,5.403702434442512,30,31,30.666666666666668,0.5163977794943221
43,358,378,371.5,9.005553841935544,32,32,32.0,0.0
44,335,379,360.1666666666667,20.331420675070063,34,37,36.5,1.2247448713915892
45,363,380,375.1666666666667,6.823977334858809,34,34,34.0,0.0
46,347,382,372.0,14.127986409959494,33,35,34.666666666666664,0.8164965809277253
47,365,383,376.6666666666667,8.664102184685193,34,34,34.0,0.0
48,229,237,230.33333333333334,3.265986323710904,17,22,17.833333333333332,2.0412414523193148
49,233,245,237.66666666666666,3.932768321000699,18,23,21.666666666666668,1.8618986725025255
50,243,247,245.0,1.2649110640673518,18,19,18.666666666666668,0.516397779494322
51,239,249,246.0,3.5213633723317987,22,24,23.0,0.6324555320336755
52,241,253,248.33333333333334,4.676180777800051,22,24,22.666666666666668,1.0327955589886446
53,231,255,249.66666666666666,9.1796877216312,21,21,21.0,0.0
54,227,257,250.0,11.436782764396636,21,24,21.833333333333332,1.3291601358251255
55,241,271,256.0,9.612491872558333,22,25,23.333333333333332,1.0327955589886446
56,251,273,268.0,8.366600265340757,26,26,26.0,0.0
57,273,281,274.6666666666667,3.2041639575194565,26,27,26.166666666666668,0.408248290463863
58,277,283,280.6666666666667,1.966384160500343,25,27,26.0,0.6324555320336757
59,269,289,278.3333333333333,6.889605697474038,28,29,28.333333333333332,0.516397779494322
60,259,301,282.0,15.270887335056866,28,29,28.333333333333332,0.5163977794943223
61,267,303,293.0,13.682105101189656,28,28,28.0,0.0
62,281,305,299.6666666666667,9.17968772163119,26,27,26.833333333333332,0.40824829046386274
63,285,307,302.0,8.366600265340754,28,30,29.666666666666668,0.8164965809277258
64,279,311,297.3333333333333,12.925427136720339,29,30,29.833333333333332,0.40824829046386263
65,299,312,305.8333333333333,6.21020665249287,27,29,28.333333333333332,0.8164965809277264
66,288,316,303.6666666666667,11.465891446663301,28,30,28.833333333333332,0.9831920802501742
67,288,324,306.8333333333333,13.862419221285537,26,27,26.5,0.5477225575051664
68,257,328,305.8333333333333,30.168968604621995,26,28,26.333333333333332,0.816496580927726
69,304,330,323.6666666666667,9.831920802501747,24,28,26.0,1.264911064067352
70,314,331,326.8333333333333,6.5243135015621885,26,26,26.0,0.0
71,317,337,329.3333333333333,6.623191577077227,26,26,26.0,0.0
72,299,339,325.5,15.332971010211951,28,28,28.0,0.0
73,319,341,332.6666666666667,9.330952077181976,27,29,27.333333333333332,0.8164965809277258
74,333,343,338.6666666666667,4.457203906785798,25,26,25.666666666666668,0.5163977794943223
75,331,344,339.5,5.2820450584977,25,25,25.0,0.0
76,318,345,336.6666666666667,11.961047891663446,23,25,24.0,0.6324555320336757
77,305,346,336.1666666666667,15.702441423761679,26,28,26.333333333333332,0.8164965809277256
78,308,349,338.1666666666667,15.210741818421173,26,31,28.166666666666668,1.6020819787597222
79,319,350,337.3333333333333,13.633292583476178,28,32,30.833333333333332,1.4719601443879746
80,339,351,347.3333333333333,4.802776974487431,24,25,24.333333333333332,0.5163977794943224
81,329,353,346.6666666666667,9.07009739014233,29,31,30.666666666666668,0.816496580927726
82,321,357,345.6666666666667,13.952299690970905,31,31,31.0,0.0
83,311,358,345.8333333333333,19.250108224804002,27,29,28.166666666666668,0.9831920802501749
84,328,359,346.3333333333333,13.544986772480318,23,28,26.666666666666668,1.9663841605003503
85,327,360,347.1666666666667,14.09136851645952,22,23,22.833333333333332,0.40824829046386263
86,341,361,356.3333333333333,7.711463328491332,29,29,29.0,0.0
87,327,362,347.5,16.39207125411551,23,27,26.333333333333332,1.6329931618554518
88,325,364,349.1666666666667,15.879756505270056,28,32,28.833333333333332,1.6020819787597218
89,328,366,357.8333333333333,14.702607478493977,32,33,32.333333333333336,0.5163977794943216
90,295,367,352.3333333333333,28.514323885841424,31,34,32.833333333333336,0.9831920802501748
91,332,368,353.5,13.6638208419168,32,33,32.166666666666664,0.408248290463864
92,352,369,360.1666666666667,7.054549359574062,28,33,29.333333333333332,1.9663841605003505
93,315,370,355.1666666666667,21.994696330403524,28,30,29.166666666666668,0.7527726527090809
94,344,371,364.5,10.57827963328631,31,31,31.0,0.0
95,356,372,368.1666666666667,6.112828041640514,29,31,30.666666666666668,0.816496580927726
96,351,373,366.3333333333333,9.437513796899403,26,26,26.0,0.0
97,328,375,351.1666666666667,19.312344929258767,26,28,27.5,0.8366600265340758
98,329,377,364.3333333333333,19.16942009208069,28,30,29.666666666666668,0.8164965809277263
99,331,378,361.1666666666667,20.123783607131806,24,31,29.166666666666668,2.5625508125043424
100,364,379,375.1666666666667,5.7416606192517765,31,32,31.166666666666668,0.40824829046386263
101,321,380,365.6666666666667,23.779543028970647,34,34,34.0,0.0
102,317,381,357.5,27.38430207253784,33,33,33.0,0.0
103,340,382,367.0,15.517731793016655,30,31,30.833333333333332,0.408248290463863
104,338,383,368.8333333333333,17.758566008173815,34,37,36.333333333333336,1.2110601416389961
105,223,249,242.0,9.444575162494074,17,20,19.166666666666668,1.3291601358251257
106,233,265,249.0,10.119288512538814,20,21,20.833333333333332,0.40824829046386285
107,239,273,262.0,11.713240371477058,19,21,20.5,0.8366600265340758
108,273,277,273.6666666666667,1.6329931618554576,19,19,19.0,0.0
109,241,281,268.0,14.737706741552435,18,19,18.166666666666668,0.40824829046386285
110,281,283,281.3333333333333,0.8164965809277228,18,18,18.0,0.0
111,283,299,285.6666666666667,6.531972647421806,14,14,14.0,0.0
112,295,303,299.0,2.5298221281347035,12,12,12.0,0.0
113,287,307,301.0,7.042726744663602,16,17,16.166666666666668,0.40824829046386263
114,291,311,305.0,7.042726744663602,22,22,22.0,0.0
115,257,315,303.1666666666667,22.68406195253986,19,24,22.5,1.760681686165901
116,293,319,308.3333333333333,10.25020325001738,17,18,17.166666666666668,0.40824829046386274
117,311,320,317.8333333333333,3.3714487489307357,22,22,22.0,0.0
118,302,321,315.6666666666667,7.447594690010091,18,22,21.0,1.6733200530681511
119,311,323,317.6666666666667,4.844240566555979,18,24,21.0,1.8973665961010275
120,313,331,322.3333333333333,5.750362307426075,20,20,20.0,0.0
121,289,339,319.6666666666667,18.09604008247845,16,16,16.0,0.0
122,329,345,336.0,6.033241251599348,16,16,16.0,0.0
123,321,347,341.3333333333333,9.993331109628388,16,16,16.0,0.0
124,335,349,344.3333333333333,5.316640543300501,20,22,20.833333333333332,0.7527726527090802
125,317,351,340.3333333333333,14.569374271624252,20,21,20.833333333333332,0.40824829046386274
126,339,352,348.5,4.9699094559156665,18,19,18.833333333333332,0.408248290463863
127,316,353,344.0,14.710540438746637,19,24,21.833333333333332,1.6020819787597222
128,337,355,348.3333333333333,8.066391179868905,24,24,24.0,0.0
129,329,357,343.1666666666667,13.775582262346177,22,29,23.833333333333332,2.5625508125043424
130,309,359,341.3333333333333,25.057267741449127,23,23,23.0,0.0
131,329,361,347.6666666666667,13.894843168120563,24,25,24.833333333333332,0.40824829046386285
132,329,363,355.6666666666667,13.1250396824797,24,24,24.0,0.0
133,341,365,355.3333333333333,10.23067283548187,25,28,26.666666666666668,1.0327955589886446
134,317,366,356.6666666666667,19.47990417498677,23,23,23.0,0.0
135,330,368,358.5,14.390969390558784,26,26,26.0,0.0
136,333,369,356.1666666666667,16.630293643428743,24,27,24.833333333333332,1.169045194450012
137,313,370,346.3333333333333,21.35103432311106,24,26,24.833333333333332,0.752772652709081
138,363,371,367.6666666666667,3.6696957185394408,28,32,30.666666666666668,1.3662601021279461
139,336,372,354.5,14.570518178843198,32,33,32.666666666666664,0.5163977794943216
140,345,373,364.0,11.71324037147706,30,32,31.333333333333332,0.816496580927726
141,283,374,346.0,33.60952246016,35,36,35.166666666666664,0.408248290463864
142,336,375,362.6666666666667,15.383974345619105,35,39,38.333333333333336,1.6329931618554525
143,336,376,352.8333333333333,17.814787864767485,35,37,36.166666666666664,0.9831920802501757
144,323,377,354.8333333333333,24.276875142131995,34,37,36.5,1.2247448713915892
145,315,378,362.0,25.8302148655407,36,37,36.833333333333336,0.4082482904638636
146,292,379,355.8333333333333,32.46793289796359,35,37,36.5,0.8366600265340763
147,353,380,369.3333333333333,11.707547423208105,38,39,38.666666666666664,0.5163977794943216
148,299,381,352.1666666666667,30.824773586624563,34,37,35.833333333333336,0.983192080250176
149,241,249,242.33333333333334,3.265986323710901,21,29,26.333333333333332,2.7325202042558923
150,249,257,250.66666666666666,3.2041639575194423,29,29,29.0,0.0
151,257,259,257.3333333333333,0.8164965809277228,24,24,24.0,0.0
152,259,261,259.3333333333333,0.8164965809277228,17,28,25.166666666666668,4.119061381755153
153,251,263,259.6666666666667,4.32049379893857,24,28,26.5,1.760681686165901
154,247,265,258.0,8.555699854482976,26,29,27.666666666666668,1.0327955589886442
155,265,269,265.6666666666667,1.6329931618554507,29,30,29.166666666666668,0.40824829046386263
156,253,271,266.6666666666667,6.74289749786147,27,29,28.666666666666668,0.8164965809277258
157,259,277,268.3333333333333,6.889605697474039,20,22,21.0,0.6324555320336759
158,265,279,272.0,6.418722614352483,20,25,22.166666666666668,1.6020819787597218
159,279,281,279.3333333333333,0.8164965809277193,21,23,22.0,0.6324555320336759
160,273,285,279.3333333333333,4.457203906785809,21,21,21.0,0.0
161,273,289,283.0,5.513619500836087,25,25,25.0,0.0
162,281,297,287.6666666666667,5.609515724790042,24,25,24.833333333333332,0.40824829046386263
163,273,305,294.3333333333333,10.930080817023565,23,28,24.5,1.7606816861659007
164,291,309,300.6666666666667,6.742897497861485,26,27,26.166666666666668,0.40824829046386263
165,279,313,301.0,12.457929201917954,26,28,27.666666666666668,0.8164965809277263
166,309,315,312.6666666666667,1.9663841605003398,27,30,29.5,1.224744871391589
167,297,317,308.6666666666667,8.334666560017064,32,32,32.0,0.0
168,315,319,317.0,1.2649110640673495,35,35,35.0,0.0
169,299,321,312.3333333333333,9.092121131323907,30,32,31.0,0.6324555320336757
170,283,325,305.6666666666667,18.875027593798812,27,31,29.833333333333332,1.471960144387974
171,247,329,309.3333333333333,31.097695520193557,28,30,28.333333333333332,0.8164965809277264
172,267,330,313.8333333333333,25.506208394558893,29,31,30.333333333333332,0.8164965809277269
173,290,331,319.5,17.409767373517656,30,31,30.833333333333332,0.40824829046386274
174,303,333,324.0,11.781341180018517,27,29,27.833333333333332,0.752772652709081
175,267,335,316.3333333333333,25.508168626278646,23,29,27.333333333333332,2.250925735484551
176,335,339,335.6666666666667,1.6329931618554474,25,26,25.166666666666668,0.40824829046386274
177,275,340,324.1666666666667,24.967311963178307,22,24,23.0,0.6324555320336755
178,306,341,333.1666666666667,13.496913227351897,25,25,25.0,0.0
179,315,343,331.0,11.027239001672177,31,33,32.166666666666664,0.7527726527090808
180,343,345,343.3333333333333,0.8164965809277263,31,33,32.5,0.8366600265340753
181,321,346,339.5,9.628083921528722,30,33,32.333333333333336,1.211060141638997
182,314,347,334.5,12.227019260637483,33,33,33.0,0.0
183,311,349,339.3333333333333,14.334108506170395,32,33,32.833333333333336,0.4082482904638636
184,321,352,339.8333333333333,12.560520159080461,32,34,33.0,0.6324555320336761
185,344,353,350.8333333333333,3.3714487489307414,34,36,34.666666666666664,1.0327955589886442
186,313,354,335.8333333333333,19.436220483074027,35,36,35.833333333333336,0.4082482904638636
187,317,355,341.8333333333333,14.824529222429517,37,38,37.333333333333336,0.5163977794943216
188,331,357,346.3333333333333,10.93008081702356,32,37,35.833333333333336,2.0412414523193148
189,311,358,340.1666666666667,18.115371005493284,30,36,34.333333333333336,2.6583202716502514
190,352,359,357.1666666666667,2.5625508125043317,37,37,37.0,0.0
191,327,361,349.3333333333333,13.64795466971761,35,38,37.0,1.2649110640673518
192,324,363,354.8333333333333,15.158056163857777,34,35,34.166666666666664,0.4082482904638627
193,333,364,353.0,12.821856339859686,34,35,34.833333333333336,0.40824829046386313
194,335,366,349.3333333333333,12.769755936064975,36,38,37.166666666666664,0.9831920802501757
195,340,367,356.5,13.019216566291535,35,38,37.5,1.2247448713915887
196,359,369,365.0,3.577708763999662,38,38,38.0,0.0
197,342,370,357.8333333333333,10.534071704078475,34,35,34.166666666666664,0.4082482904638636
198,334,372,355.6666666666667,13.995237285114769,33,35,33.333333333333336,0.816496580927726
199,333,374,361.5,15.306861206661535,28,30,29.666666666666668,0.816496580927726
200,333,376,357.0,19.677398201998148,30,33,31.833333333333332,0.9831920802501752
201,344,377,368.1666666666667,13.51172330484408,30,30,30.0,0.0
202,328,378,360.3333333333333,18.875027593798812,32,35,33.166666666666664,0.9831920802501748
203,333,379,356.8333333333333,18.411047408191283,33,37,33.833333333333336,1.6020819787597218
204,323,380,362.0,23.358082113050294,31,35,34.333333333333336,1.6329931618554527
205,347,381,372.3333333333333,12.925427136720343,36,37,36.833333333333336,0.4082482904638627
206,360,382,371.6666666666667,10.652073350604876,33,37,34.833333333333336,1.3291601358251257
207,317,383,360.5,26.771253239249,37,38,37.5,0.5477225575051661
208,245,251,247.33333333333334,1.966384160500355,16,18,17.666666666666668,0.8164965809277264
209,215,259,246.33333333333334,15.680136053831504,17,18,17.833333333333332,0.40824829046386285
210,251,267,259.0,5.059644256269404,14,18,17.333333333333332,1.632993161855452
211,247,283,266.3333333333333,11.430952132988164,16,18,17.333333333333332,0.8164965809277264
212,279,287,283.0,2.5298221281347035,16,16,16.0,0.0
213,287,293,288.0,2.449489742783177,15,16,15.166666666666666,0.408248290463863
214,283,297,290.6666666666667,4.802776974487432,12,16,14.333333333333334,1.5055453054181624
215,277,299,293.0,8.099382692526639,15,18,16.166666666666668,1.3291601358251253
216,293,303,298.6666666666667,3.2041639575194467,18,19,18.333333333333332,0.5163977794943221
217,295,307,300.6666666666667,4.802776974487433,14,18,15.333333333333334,1.3662601021279461
218,281,313,302.6666666666667,11.12954027202681,12,14,13.5,0.8366600265340757
219,313,317,313.6666666666667,1.6329931618554543,15,15,15.0,0.0
220,301,321,313.6666666666667,7.339391437078871,15,15,15.0,0.0
221,285,325,313.6666666666667,15.055453054181621,14,15,14.833333333333334,0.408248290463863
222,325,327,325.3333333333333,0.8164965809277263,16,21,20.0,2.0000000000000004
223,295,329,319.3333333333333,13.647954669717619,14,16,14.5,0.8366600265340757
224,313,333,324.0,7.563068160475615,16,18,17.666666666666668,0.8164965809277263
225,319,335,327.3333333333333,7.0898989179442236,22,26,23.666666666666668,1.3662601021279464
226,287,337,326.3333333333333,19.4593593591019,24,26,25.0,0.6324555320336757
227,307,345,328.6666666666667,14.222048610051457,22,23,22.833333333333332,0.408248290463863
228,325,349,341.0,8.39047078536121,23,24,23.166666666666668,0.40824829046386274
229,331,350,343.5,8.938679992034618,24,24,24.0,0.0
230,347,351,349.1666666666667,1.7224014243685073,23,29,27.5,2.2583179581272432
231,339,352,347.3333333333333,5.750362307426081,29,32,29.5,1.2247448713915892
232,300,354,338.5,20.588831924128186,24,26,25.666666666666668,0.8164965809277258
233,330,358,341.8333333333333,11.356349178616624,24,27,25.833333333333332,0.983192080250175
234,331,360,347.6666666666667,10.670832519848984,27,30,28.166666666666668,1.1690451944500118
235,332,362,352.3333333333333,12.925427136720334,27,27,27.0,0.0
236,357,363,361.3333333333333,2.1602468994692856,28,33,28.833333333333332,2.0412414523193148
237,336,365,352.0,13.16054710108968,22,27,24.833333333333332,1.6020819787597222
238,328,366,354.1666666666667,14.743360087397537,29,31,30.666666666666668,0.8164965809277263
239,309,367,341.5,26.538651058409133,29,31,30.666666666666668,0.8164965809277256
240,331,368,356.1666666666667,17.279081765726634,22,25,23.833333333333332,0.9831920802501752
241,336,370,358.3333333333333,13.647954669717613,25,32,28.833333333333332,2.228601953392904
242,360,371,368.5,4.183300132670375,30,30,30.0,0.0
243,331,372,358.3333333333333,16.268579122549905,31,33,32.5,0.8366600265340756
244,348,373,358.8333333333333,11.178849076119894,30,34,32.666666666666664,1.3662601021279468
245,284,374,347.0,35.17385392589217,33,35,34.0,0.6324555320336759
246,353,375,366.1666666666667,9.988326519826362,34,37,36.0,1.5491933384829664
247,347,377,364.5,13.823892360692055,31,32,31.833333333333332,0.40824829046386263
248,318,379,355.0,26.099808428415717,26,32,31.0,2.449489742783178
249,329,380,363.3333333333333,19.12764142979125,31,33,32.666666666666664,0.8164965809277255
250,347,381,373.0,13.023056476879765,33,34,33.833333333333336,0.408248290463864
251,376,382,379.1666666666667,2.4832774042918886,36,36,36.0,0.0
252,366,383,375.5,8.043631020876083,29,30,29.833333333333332,0.40824829046386274
253,227,263,250.33333333333334,15.266521105565168,12,12,12.0,0.0
254,263,267,263.6666666666667,1.6329931618554474,11,12,11.833333333333334,0.4082482904638632
255,251,269,264.6666666666667,6.742897497861484,11,12,11.166666666666666,0.4082482904638628
256,269,275,270.0,2.449489742783177,11,11,11.0,0.0
257,275,277,275.3333333333333,0.8164965809277193,9,11,10.666666666666666,0.8164965809277263
258,271,279,276.3333333333333,2.732520204255892,9,9,9.0,0.0
259,269,287,278.0,5.89915248150105,9,11,9.5,0.8366600265340756
260,287,289,287.3333333333333,0.8164965809277297,9,11,9.333333333333334,0.816496580927726
261,285,295,289.3333333333333,3.204163957519439,9,12,10.833333333333334,0.9831920802501752
262,295,297,295.3333333333333,0.8164965809277263,12,13,12.833333333333334,0.408248290463863
263,297,301,297.6666666666667,1.6329931618554507,12,12,12.0,0.0
264,301,303,301.3333333333333,0.8164965809277307,14,16,14.333333333333334,0.8164965809277259
265,255,305,294.0,19.421637418096342,17,18,17.666666666666668,0.516397779494322
266,301,307,304.6666666666667,1.9663841605003487,18,18,18.0,0.0
267,291,309,304.6666666666667,6.742897497861487,17,18,17.833333333333332,0.40824829046386285
268,281,313,303.0,11.523888232710343,17,18,17.166666666666668,0.40824829046386274
269,297,315,310.6666666666667,6.742897497861484,19,20,19.166666666666668,0.40824829046386263
270,299,317,310.3333333333333,8.066391179868901,24,25,24.333333333333332,0.516397779494322
271,301,325,313.6666666666667,8.914407813571609,20,23,22.166666666666668,1.3291601358251257
272,317,327,323.6666666666667,3.5023801430836525,17,17,17.0,0.0
273,301,329,323.0,10.807404868885039,21,23,21.5,0.8366600265340758
274,307,331,320.3333333333333,10.481730137084554,20,20,20.0,0.0
275,325,335,330.0,3.521363372331802,20,20,20.0,0.0
276,299,337,329.3333333333333,14.881756168768074,15,18,17.5,1.2247448713915892
277,323,340,334.1666666666667,6.210206652492871,19,20,19.166666666666668,0.40824829046386263
278,324,341,336.1666666666667,6.82397733485881,21,22,21.833333333333332,0.40824829046386263
279,325,342,338.5,6.62570750939098,23,23,23.0,0.0
280,331,343,338.3333333333333,5.12510162500869,23,25,23.5,0.8366600265340758
281,293,344,327.3333333333333,22.187083329420897,21,22,21.333333333333332,0.5163977794943221
282,309,348,336.1666666666667,15.025533823018295,23,23,23.0,0.0
283,334,349,345.8333333333333,5.8109092805400655,27,27,27.0,0.0
284,321,351,342.8333333333333,11.669047376142865,23,26,25.5,1.2247448713915887
285,315,353,337.3333333333333,17.500476183997584,26,29,26.666666666666668,1.2110601416389968
286,339,355,346.6666666666667,7.737355275975545,27,29,28.0,0.6324555320336755
287,307,356,345.8333333333333,19.312344929258767,25,25,25.0,0.0
288,332,360,346.8333333333333,12.040210407906779,24,32,28.5,3.2093613071762426
289,315,362,347.3333333333333,17.56891193747259,27,28,27.166666666666668,0.40824829046386285
290,331,363,352.6666666666667,14.935416521365132,30,31,30.333333333333332,0.5163977794943226
291,334,364,355.0,13.099618315050249,31,31,31.0,0.0
292,323,366,349.6666666666667,17.35127276791724,25,27,26.0,0.6324555320336755
293,340,367,355.3333333333333,12.612163441165311,28,28,28.0,0.0
294,305,370,354.3333333333333,24.735938766633996,27,28,27.333333333333332,0.516397779494322
295,352,374,365.3333333333333,7.865536642001398,29,30,29.166666666666668,0.40824829046386274
296,345,376,362.3333333333333,13.51542328847553,31,33,32.166666666666664,0.7527726527090816
297,338,377,358.8333333333333,17.405937684211867,31,31,31.0,0.0
298,313,378,357.0,26.959228475607382,27,29,28.166666666666668,0.752772652709081
299,348,379,368.3333333333333,15.002222057637551,27,32,30.833333333333332,2.041241452319315
300,325,380,362.3333333333333,22.695080230452305,30,31,30.333333333333332,0.5163977794943223
301,358,381,371.8333333333333,9.786044485218053,30,31,30.166666666666668,0.40824829046386274
302,321,382,353.6666666666667,24.492175621342156,32,33,32.333333333333336,0.5163977794943216
303,347,383,373.3333333333333,14.827901627225165,37,37,37.0,0.0
304,235,259,252.33333333333334,8.640987597877142,13,17,16.0,1.6733200530681507
305,259,263,259.6666666666667,1.6329931618554507,17,17,17.0,0.0
306,253,267,260.6666666666667,5.42832079621928,17,18,17.166666666666668,0.40824829046386274
307,241,269,263.0,10.807404868885031,17,17,17.0,0.0
308,251,275,265.3333333333333,8.710147338975759,16,17,16.5,0.5477225575051661
309,259,279,273.0,7.042726744663608,17,19,17.5,0.8366600265340758
310,279,281,279.3333333333333,0.8164965809277228,17,17,17.0,0.0
311,273,283,278.3333333333333,3.932768321000705,17,17,17.0,0.0
312,283,285,283.3333333333333,0.8164965809277307,16,17,16.833333333333332,0.40824829046386274
313,277,289,282.6666666666667,4.802776974487437,16,17,16.166666666666668,0.40824829046386285
314,277,293,286.6666666666667,5.715476066494083,16,18,17.0,0.632455532033676
315,269,295,288.6666666666667,9.83192080250175,16,19,16.5,1.2247448713915892
316,279,297,292.6666666666667,6.742897497861484,16,17,16.166666666666668,0.40824829046386263
317,289,299,296.0,3.521363372331808,16,17,16.166666666666668,0.40824829046386274
318,275,305,296.0,10.564090116995407,14,17,16.5,1.2247448713915892
319,305,307,305.6666666666667,1.0327955589886424,13,15,13.333333333333334,0.816496580927726
320,301,309,305.3333333333333,2.9439202887759506,13,14,13.166666666666666,0.408248290463863
321,297,311,307.3333333333333,5.125101625008682,13,14,13.166666666666666,0.4082482904638628
322,291,313,304.6666666666667,10.614455552060445,16,17,16.666666666666668,0.516397779494322
323,273,315,303.3333333333333,16.99019324983287,17,22,18.166666666666668,2.041241452319315
324,295,317,309.3333333333333,8.238122763510304,18,19,18.666666666666668,0.5163977794943223
325,305,319,315.3333333333333,5.125101625008679,17,18,17.833333333333332,0.40824829046386274
326,311,323,318.0,3.9496835316262997,17,18,17.166666666666668,0.40824829046386263
327,303,325,319.3333333333333,8.238122763510312,17,17,17.0,0.0
328,321,328,324.8333333333333,2.228601953392904,18,19,18.166666666666668,0.408248290463863
329,292,332,317.0,13.957077057894322,19,21,20.0,0.6324555320336755
330,284,334,316.3333333333333,21.115555087817764,16,20,18.833333333333332,1.4719601443879746
331,303,335,323.5,13.095800853708797,20,21,20.833333333333332,0.40824829046386263
332,281,341,322.6666666666667,22.033308118997173,26,32,27.166666666666668,2.401388487243717
333,329,345,337.6666666666667,5.887840577551897,25,26,25.166666666666668,0.40824829046386263
334,329,347,338.3333333333333,8.16496580927727,23,23,23.0,0.0
335,341,349,345.6666666666667,3.0110906108363267,23,25,24.0,0.6324555320336759
336,325,350,344.1666666666667,9.724539406402068,23,23,23.0,0.0
337,320,352,343.3333333333333,12.500666648889831,19,25,24.0,2.449489742783178
338,298,355,341.5,21.943108257491694,26,28,26.5,0.8366600265340758
339,335,356,348.8333333333333,7.678975626127922,29,29,29.0,0.0
340,320,357,341.6666666666667,14.20797897896343,32,32,32.0,0.0
341,333,361,350.3333333333333,10.930080817023574,31,33,32.166666666666664,0.9831920802501751
342,337,362,351.5,10.502380682492893,34,34,34.0,0.0
343,332,363,355.1666666666667,12.367969383316998,34,35,34.833333333333336,0.40824829046386313
344,334,364,354.0,11.78134118001851,28,35,33.666666666666664,2.804757862395017
345,348,365,358.5,6.920982589199311,34,34,34.0,0.0
346,331,373,357.6666666666667,15.629032812898782,34,36,35.166666666666664,0.9831920802501752
347,347,374,365.1666666666667,10.962055768270233,23,38,34.833333333333336,5.8109092805400655
348,342,375,362.8333333333333,13.166877635440638,25,37,34.0,4.516635916254486
349,357,376,366.1666666666667,7.7049767466661905,38,40,39.5,0.8366600265340758
350,364,377,369.6666666666667,5.680375574437551,37,38,37.833333333333336,0.4082482904638636
351,328,378,355.0,20.80384579831335,34,36,35.666666666666664,0.816496580927726
352,342,379,358.5,15.883954167649819,25,36,34.166666666666664,4.490731195102493
353,322,380,352.8333333333333,24.50646173291173,36,38,37.333333333333336,0.8164965809277253
354,348,381,366.3333333333333,15.680136053831502,40,40,40.0,0.0
355,353,382,375.8333333333333,11.32107179849446,41,41,41.0,0.0
356,333,383,368.3333333333333,19.785516588319524,39,40,39.833333333333336,0.4082482904638636
357,223,231,227.0,2.529822128134707,18,19,18.833333333333332,0.40824829046386263
358,223,239,231.0,5.059644256269407,18,26,19.333333333333332,3.265986323710904
359,221,243,237.0,8.000000000000002,16,17,16.833333333333332,0.40824829046386285
360,239,259,245.0,7.042726744663605,17,17,17.0,0.0
361,241,263,254.0,9.444575162494079,15,17,16.5,0.8366600265340758
362,255,265,262.0,3.521363372331804,14,16,15.0,0.6324555320336758
363,245,271,261.3333333333333,9.157874571463998,9,14,13.166666666666666,2.0412414523193148
364,233,273,264.3333333333333,15.474710551951095,14,16,14.5,0.8366600265340757
365,241,281,266.3333333333333,16.378848148348734,15,17,16.5,0.8366600265340758
366,277,285,281.0,2.5298221281347035,20,21,20.166666666666668,0.408248290463863
367,273,291,284.0,5.89915248150105,20,20,20.0,0.0
368,289,293,290.6666666666667,1.5055453054181644,18,20,18.5,0.8366600265340758
369,293,297,293.6666666666667,1.6329931618554507,17,19,17.333333333333332,0.8164965809277263
370,289,301,295.6666666666667,4.1311822359545705,19,19,19.0,0.0
371,279,305,296.0,9.939818911831342,18,20,19.0,0.6324555320336759
372,289,311,299.3333333333333,7.633260552782586,14,24,21.0,3.5213633723318023
373,311,313,311.3333333333333,0.8164965809277297,23,24,23.833333333333332,0.40824829046386263
374,287,319,309.6666666666667,11.360751148875078,19,19,19.0,0.0
375,277,321,312.3333333333333,17.328204369370383,27,27,27.0,0.0
376,279,322,310.5,16.416455159382,26,27,26.833333333333332,0.408248290463863
377,290,323,312.5,12.308533625091172,22,27,25.5,1.9748417658131505
378,303,327,319.3333333333333,8.430104783848568,26,27,26.166666666666668,0.408248290463863
379,309,331,322.0,9.444575162494075,25,27,25.333333333333332,0.816496580927726
380,291,333,322.0,15.78606980853689,31,31,31.0,0.0
381,313,334,329.8333333333333,8.256310717667223,32,32,32.0,0.0
382,322,338,332.0,5.403702434442522,27,28,27.833333333333332,0.40824829046386263
383,279,341,325.3333333333333,24.196418467753993,27,27,27.0,0.0
384,329,342,339.1666666666667,4.996665554814192,26,27,26.833333333333332,0.40824829046386263
385,316,343,333.5,10.802777420645116,23,27,25.666666666666668,1.3662601021279466
386,309,344,337.0,13.784048752090218,29,29,29.0,0.0
387,320,348,333.6666666666667,11.05742586078091,25,30,28.333333333333332,1.751190071541826
388,348,350,348.3333333333333,0.8164965809277228,31,31,31.0,0.0
389,318,351,340.1666666666667,13.482086880993865,24,26,24.333333333333332,0.8164965809277264
390,347,355,350.3333333333333,3.0110906108363324,25,25,25.0,0.0
391,333,357,349.0,10.276186062932096,27,28,27.166666666666668,0.408248290463863
392,319,359,345.0,16.149303390549086,27,29,28.0,0.6324555320336755
393,333,360,350.5,11.238327277669041,25,29,28.166666666666668,1.6020819787597225
394,312,361,344.1666666666667,20.400163398038423,28,29,28.833333333333332,0.40824829046386263
395,352,362,358.3333333333333,4.546060565661945,28,30,29.0,0.6324555320336755
396,331,364,351.1666666666667,15.471479136354962,30,30,30.0,0.0
397,341,366,358.0,10.411532067856301,30,33,32.5,1.2247448713915892
398,354,367,362.5,4.969909455915666,31,32,31.833333333333332,0.40824829046386263
399,350,368,360.6666666666667,8.524474568362955,30,30,30.0,0.0
400,326,370,358.6666666666667,17.328204369370383,28,31,30.5,1.2247448713915892
401,306,371,352.3333333333333,25.429641497014195,26,31,29.333333333333332,1.7511900715418263
402,366,373,370.5,2.345207879911718,31,33,32.666666666666664,0.8164965809277255
403,339,374,353.6666666666667,15.769168230019822,31,32,31.666666666666668,0.5163977794943221
404,358,375,368.1666666666667,8.060190237622594,33,33,33.0,0.0
405,327,377,358.0,18.59032006179561,30,34,32.833333333333336,1.8348478592697175
406,345,378,367.6666666666667,13.231276078544607,34,36,34.5,0.8366600265340758
407,324,379,365.8333333333333,21.86702235483073,34,36,35.5,0.8366600265340753
408,352,381,374.8333333333333,11.214573851318045,32,32,32.0,0.0
409,313,382,365.8333333333333,26.611401065458132,30,32,31.666666666666668,0.8164965809277258
410,347,383,371.3333333333333,14.773850773128403,31,32,31.833333333333332,0.40824829046386263
411,245,253,248.0,3.5213633723318,19,23,20.0,1.5491933384829666
412,253,269,255.66666666666666,6.53197264742181,23,23,23.0,0.0
413,267,271,269.0,1.2649110640673518,23,23,23.0,0.0
414,269,273,271.0,1.2649110640673518,22,23,22.666666666666668,0.5163977794943223
415,253,275,269.0,8.099382692526634,21,23,22.666666666666668,0.8164965809277263
416,275,283,277.0,3.3466401061363054,19,19,19.0,0.0
417,279,285,282.0,2.4494897427831805,14,20,19.0,2.449489742783178
418,285,289,285.6666666666667,1.6329931618554474,23,23,23.0,0.0
419,285,291,288.6666666666667,1.966384160500343,22,22,22.0,0.0
420,281,293,289.0,4.381780460041323,21,21,21.0,0.0
421,285,295,291.3333333333333,3.6696957185394394,19,21,20.666666666666668,0.8164965809277263
422,287,299,294.3333333333333,3.9327683210007094,25,26,25.166666666666668,0.40824829046386263
423,285,315,299.3333333333333,9.500877152487899,20,21,20.166666666666668,0.40824829046386263
424,299,317,312.6666666666667,6.742897497861478,25,27,26.0,0.6324555320336759
425,301,319,314.6666666666667,6.742897497861481,23,23,23.0,0.0
426,319,321,319.3333333333333,0.8164965809277193,24,24,24.0,0.0
427,315,322,320.1666666666667,2.5625508125043397,19,20,19.666666666666668,0.516397779494322
428,281,323,310.5,15.833508770957877,19,21,20.333333333333332,0.8164965809277266
429,305,325,319.0,7.266360849833982,23,23,23.0,0.0
430,271,326,314.1666666666667,21.376778678432043,21,25,23.666666666666668,1.3662601021279468
431,282,329,314.6666666666667,16.99019324983288,21,28,24.5,3.0166206257996713
432,288,331,322.5,16.920401886480125,24,26,24.333333333333332,0.8164965809277263
433,305,333,322.3333333333333,10.557777543908887,19,21,20.333333333333332,1.0327955589886446
434,317,334,328.5,6.920982589199314,22,23,22.833333333333332,0.40824829046386274
435,305,336,328.3333333333333,11.84342292864131,23,23,23.0,0.0
436,314,337,328.8333333333333,8.352644291879464,19,26,23.333333333333332,2.7325202042558927
437,331,339,336.0,2.7568097504180433,26,27,26.833333333333332,0.40824829046386263
438,320,343,334.1666666666667,8.084965470963166,20,23,21.833333333333332,1.1690451944500122
439,325,344,340.1666666666667,7.440878084384035,21,23,22.666666666666668,0.8164965809277258
440,303,345,332.6666666666667,18.41376296867826,21,23,22.666666666666668,0.816496580927726
441,330,346,341.0,6.131883886702356,20,21,20.333333333333332,0.5163977794943224
442,332,347,342.5,6.123724356957944,23,25,24.0,0.6324555320336759
443,323,348,342.5,9.710818709048166,26,26,26.0,0.0
444,337,349,343.5,5.6124860801609175,28,29,28.166666666666668,0.40824829046386285
445,333,350,344.5,7.476630257007494,25,27,26.0,0.6324555320336755
446,313,351,343.6666666666667,15.055453054181617,24,25,24.833333333333332,0.408248290463863
447,326,352,343.1666666666667,10.225784403490362,26,27,26.166666666666668,0.40824829046386274
448,312,353,341.3333333333333,17.568911937472592,25,27,25.333333333333332,0.8164965809277258
449,327,354,345.6666666666667,11.96104789166345,26,29,28.5,1.2247448713915892
450,329,355,347.3333333333333,11.093541664710447,29,29,29.0,0.0
451,344,356,353.3333333333333,4.589843860815602,28,30,29.666666666666668,0.8164965809277263
452,266,357,340.3333333333333,36.47830405414521,30,30,30.0,0.0
453,334,359,343.6666666666667,11.378341999899046,29,29,29.0,0.0
454,331,360,350.5,11.588787684654509,30,30,30.0,0.0
455,293,363,342.5,26.55371913687421,28,31,30.333333333333332,1.2110601416389966
456,337,364,351.3333333333333,13.216151734399338,28,32,31.333333333333332,1.632993161855452
457,332,365,354.1666666666667,13.075422236649443,30,31,30.833333333333332,0.408248290463863
458,349,366,358.0,6.782329983125266,27,27,27.0,0.0
459,338,367,357.8333333333333,11.478966271693054,32,32,32.0,0.0
460,333,369,359.5,14.081903280451833,30,31,30.833333333333332,0.40824829046386274
461,337,370,361.6666666666667,12.863384728238005,29,30,29.666666666666668,0.516397779494322
462,342,371,360.6666666666667,13.44123010243729,30,30,30.0,0.0
463,336,372,359.0,15.257784898208518,27,30,29.5,1.2247448713915892
464,324,373,351.1666666666667,18.97805750509431,21,32,28.0,4.0
465,356,374,369.6666666666667,6.918574034197109,33,35,34.0,0.6324555320336755
466,341,375,358.6666666666667,17.247221998532595,29,31,29.5,0.8366600265340756
467,310,377,359.0,27.50272713750402,35,36,35.333333333333336,0.5163977794943221
468,345,378,366.8333333333333,13.80458860910627,30,31,30.666666666666668,0.5163977794943223
469,342,379,364.1666666666667,16.57005330910757,31,32,31.666666666666668,0.516397779494322
470,318,380,356.3333333333333,28.196926546463647,33,37,36.333333333333336,1.632993161855452
471,347,381,368.1666666666667,13.731957859921744,26,36,34.166666666666664,4.02077936060494
472,351,382,364.8333333333333,13.34790870011728,29,35,33.666666666666664,2.4221202832779944
473,357,383,374.0,11.471704319759988,37,39,38.5,0.8366600265340751
474,261,269,264.1666666666667,2.8577380332470352,27,28,27.333333333333332,0.516397779494322
475,263,271,267.6666666666667,3.2659863237109064,26,27,26.833333333333332,0.40824829046386263
476,271,273,271.3333333333333,0.8164965809277263,23,28,24.0,2.0000000000000004
477,259,277,271.3333333333333,6.250333324444922,28,28,28.0,0.0
478,277,280,277.5,1.2247448713915914,27,28,27.833333333333332,0.408248290463863
479,272,281,278.1666666666667,3.4880749227427255,27,27,27.0,0.0
480,279,287,282.6666666666667,3.4448028487370235,21,28,26.166666666666668,2.5625508125043424
481,283,289,286.6666666666667,1.9663841605003545,15,27,24.166666666666668,4.535048695071164
482,251,293,281.3333333333333,15.564917817536553,13,14,13.666666666666666,0.5163977794943223
483,287,297,292.6666666666667,3.204163957519439,14,19,14.833333333333334,2.0412414523193148
484,273,301,289.0,12.06648250319868,19,23,19.833333333333332,1.6020819787597218
485,299,303,301.3333333333333,1.5055453054181644,15,16,15.833333333333334,0.4082482904638632
486,291,307,301.0,5.513619500836081,19,20,19.166666666666668,0.40824829046386263
487,297,309,304.3333333333333,4.320493798938569,19,25,20.166666666666668,2.401388487243717
488,279,311,303.3333333333333,12.225656083281041,19,25,20.333333333333332,2.338090388900025
489,311,313,311.3333333333333,0.8164965809277307,19,21,19.333333333333332,0.8164965809277256
490,297,315,310.6666666666667,6.74289749786149,18,18,18.0,0.0
491,305,317,312.3333333333333,5.006662228138298,16,19,18.5,1.224744871391589
492,303,319,313.3333333333333,6.623191577077212,18,20,18.833333333333332,0.7527726527090807
493,291,321,314.3333333333333,11.500724614852178,16,16,16.0,0.0
494,313,322,319.5,3.3316662497915406,17,18,17.166666666666668,0.40824829046386263
495,311,326,320.8333333333333,5.076087732365032,17,22,17.833333333333332,2.0412414523193148
496,320,330,325.1666666666667,3.3714487489307303,22,22,22.0,0.0
497,279,331,321.6666666666667,20.90613944913471,11,21,18.0,3.5213633723318023
498,311,334,323.8333333333333,9.558591249063149,17,21,20.0,1.549193338482967
499,315,338,330.3333333333333,8.016649341630613,15,17,16.0,0.6324555320336759
500,335,339,337.6666666666667,1.3662601021279426,16,18,17.0,0.6324555320336757
501,327,342,336.0,6.000000000000004,18,19,18.166666666666668,0.408248290463863
502,320,346,338.0,9.380831519646861,19,21,19.833333333333332,0.7527726527090809
503,330,348,340.1666666666667,7.4408780843840345,20,24,22.666666666666668,1.3662601021279468
504,315,350,339.0,13.206059215375339,20,24,23.0,1.6733200530681513
505,293,353,334.8333333333333,22.745695563483356,21,26,24.166666666666668,1.7224014243685084
506,330,354,347.5,9.181503144910423,24,26,25.333333333333332,1.032795558988645
507,331,356,349.6666666666667,9.43751379689941,26,27,26.333333333333332,0.5163977794943223
508,344,357,353.3333333333333,5.046450898073485,23,24,23.833333333333332,0.40824829046386263
509,335,359,352.0,9.359487165438072,25,28,27.5,1.2247448713915892
510,327,361,349.0,13.386560424545207,26,27,26.833333333333332,0.40824829046386274
511,329,363,355.3333333333333,13.04862700312438,28,28,28.0,0.0
512,357,364,362.1666666666667,2.5625508125043397,31,31,31.0,0.0
513,315,365,354.3333333333333,19.612920911140858,31,32,31.166666666666668,0.40824829046386274
514,327,366,350.8333333333333,18.33484842224409,27,33,30.5,1.9748417658131505
515,336,367,360.1666666666667,11.956866925188498,35,35,35.0,0.0
516,341,368,359.5,11.058933040759403,33,33,33.0,0.0
517,313,370,352.5,22.331591971912793,31,36,35.166666666666664,2.0412414523193156
518,339,371,360.3333333333333,14.094916341243987,30,35,34.0,2.0
519,347,373,360.0,11.506519890914022,37,37,37.0,0.0
520,348,374,362.6666666666667,12.307179476495282,38,39,38.166666666666664,0.4082482904638636
521,346,375,366.1666666666667,11.737404596701378,30,36,34.166666666666664,2.857738033247041
522,335,376,363.3333333333333,16.597188516934636,34,37,35.166666666666664,0.9831920802501752
523,345,377,362.1666666666667,13.570801990548189,31,36,34.5,1.7606816861659011
524,346,378,365.0,13.311649033834986,37,37,37.0,0.0
525,350,380,373.6666666666667,11.621818561080135,28,30,29.666666666666668,0.8164965809277258
526,329,381,363.0,21.109239683134017,31,34,32.333333333333336,1.032795558988645
527,380,382,381.0,0.6324555320336759,31,34,31.5,1.2247448713915892
528,367,383,378.8333333333333,6.177917664283549,33,33,33.0,0.0
